00000000000000000000000000000000
00000000000000000000000000000000
00000000000000000000000000000000
00000000000000000000000000000000
00000000000000000000000000000000
00000000000000111111100000000000
00000000001111111111111100000000
00000000111111100000111111000000
00000011111000000000000111000000
00000111100000000000000011100000
00001110000000000000000001100000
00011100000000000000000001100000
00111000000000000000000001100000
00110000000000000000000001100000
00110000000000000000000001100000
00110000000000000000000011100000
00110000000000000000000111000000
00110000000000000000001110000000
00110000000000000000011100000000
00110000000000000011111000000000
00011000000001111111110000000000
00011111111111111110000000000000
00001111111111000000000000000000
00000000000000000000000000000000
00000000000000000000000000000000
00000000000000000000000000000000
00000000000000000000000000000000
00000000000000000000000000000000
00000000000000000000000000000000
00000000000000000000000000000000
00000000000000000000000000000000
00000000000000000000000000000000