00000000000000000000000000000000
00000000000000000000000000000000
00000000011111000000000000000000
00000001111111110000000000000000
00000011110001111000000000000000
00000011000000011100000000000000
00000000000000001110000000000000
00000000000000000110000000000000
00000000000000000110000000000000
00000000000000000110000000000000
00000000000000011110000000000000
00000000000011111100000000000000
00000000111111110000000000000000
00000001111111000000000000000000
00000011111111110000000000000000
00000000000000111100000000000000
00000000000000001110000000000000
00000000000000000110000000000000
00000000000000000111000000000000
00000000000000000011000000000000
00000000000000000011000000000000
00000000000000000011000000000000
00000000000000001111000000000000
00000000111111111110000000000000
00000001111111111000000000000000
00000000000000000000000000000000
00000000000000000000000000000000
00000000000000000000000000000000
00000000000000000000000000000000
00000000000000000000000000000000
00000000000000000000000000000000
00000000000000000000000000000000