00000000000000000000000000000000
00000000000000000000000000000000
00000000000001100000000000000000
00000000000011100000000000000000
00000000000011000000000000000000
00000000000111011000000000000000
00000000000110111000000000000000
00000000001110110000000000000000
00000000011100110000000000000000
00000000111000110000000000000000
00000001110000110000000000000000
00000001100000110000000000000000
00000011100000110000000000000000
00000111000000110000000000000000
00000110000000110000000000000000
00001110000000110000000000000000
00001100000000110000000000000000
00001100000000110000000000000000
00001111111111111111111100000000
00000111111111111111111110000000
00000000000000110000000000000000
00000000000000110000000000000000
00000000000000110000000000000000
00000000000000110000000000000000
00000000000001110000000000000000
00000000000001100000000000000000
00000000000001100000000000000000
00000000000001100000000000000000
00000000000000000000000000000000
00000000000000000000000000000000
00000000000000000000000000000000
00000000000000000000000000000000