00000000000000000000000000000000
00000000000000000000000000000000
00000000000000000000000000000000
00000000000000011110000000000000
00000000000000111100000000000000
00000000000001110000000000000000
00000000000011100000000000000000
00000000000111000000000000000000
00000000001110000000000000000000
00000000001100000000000000000000
00000000011100000000000000000000
00000000011000000000000000000000
00000000011000011110000000000000
00000000011001111111100000000000
00000000011011110001110000000000
00000000011111000000110000000000
00000000011110000000111000000000
00000000011000000000011000000000
00000000011000000000011000000000
00000000011000000000011000000000
00000000011000000000011000000000
00000000011100000000011000000000
00000000001100000000011000000000
00000000001110000000011000000000
00000000000111000000111000000000
00000000000011110001110000000000
00000000000001111111100000000000
00000000000000011111000000000000
00000000000000000000000000000000
00000000000000000000000000000000
00000000000000000000000000000000
00000000000000000000000000000000