00000000000000000000000000000000
00000000011111111000000000000000
00000000111111111110000000000000
00000001110000001111000000000000
00000011100000000011100000000000
00000111000000000001110000000000
00000110000000000000110000000000
00000110000000000000110000000000
00000110000000000001110000000000
00000110000000000001100000000000
00000111000000000011100000000000
00000011100000000011000000000000
00000001110000000111000000000000
00000000111000011110000000000000
00000000011111111100000000000000
00000000001111110000000000000000
00000000000111111110000000000000
00000000001110001111100000000000
00000000011100000011110000000000
00000000011000000000111100000000
00000000111000000000001100000000
00000000110000000000001110000000
00000000110000000000000110000000
00000000110000000000000110000000
00000000111000000000000110000000
00000000011000000000000110000000
00000000011110000000111110000000
00000000000111111111111100000000
00000000000011111111100000000000
00000000000000000000000000000000
00000000000000000000000000000000
00000000000000000000000000000000