00000000000000000000000000000000
00000000000011111100000000000000
00000000001111111110000000000000
00000000111110000111000000000000
00000001111000000011100000000000
00000011100000000001100000000000
00000011000000000001100000000000
00000111000000000001100000000000
00000110000000000011100000000000
00000111000000000011100000000000
00000011000000000111000000000000
00000011110000001111000000000000
00000001111111111111000000000000
00000000011111111011000000000000
00000000000000000111000000000000
00000000000000000110000000000000
00000000000000000110000000000000
00000000000000000110000000000000
00000000000000000110000000000000
00000000000000000110000000000000
00000000000000000110000000000000
00000000000000000110000000000000
00000000000000001110000000000000
00000000000000001100000000000000
00000000000000001100000000000000
00000000000000001100000000000000
00000000000000001100000000000000
00000000000000001100000000000000
00000000000000001110000000000000
00000000000000000000000000000000
00000000000000000000000000000000
00000000000000000000000000000000